# Number of Floors, Lowest Floor, Capacity
20, -2, 10
# Floor Requests
-2: 1, 3, 5, 7, 9, 11, 13, 15, 17, 19
-1: 2, 4, 6, 8, 10, 12, 14, 16, 18, 20
0: 1, 5, 10, 15, 20, 3, 8, 13, 18
1: 2, 6, 9, 14, 19, 4, 11, 16
2: 1, 7, 12, 17, 3, 8, 13, 18
3: 2, 5, 10, 15, 20, 6, 9, 14, 19
4: 3, 7, 12, 17, 8, 13, 18
5: 1, 6, 9, 14, 19, 10, 15, 20
6: 2, 5, 10, 15, 20, 4, 11, 16
7: 3, 7, 12, 17, 8, 13, 18
8: 1, 6, 9, 14, 19, 2, 5, 10, 15, 20
9: 3, 7, 12, 17, 4, 11, 16
10: 2, 5, 10, 15, 20, 6, 9, 14, 19
11: 1, 7, 12, 17, 8, 13, 18
12: 3, 6, 9, 14, 19, 2, 5, 10, 15, 20
13: 4, 7, 12, 17, 8, 13, 18
14: 1, 6, 9, 14, 19, 2, 5, 10, 15, 20
15: 3, 7, 12, 17, 4, 11, 16
16: 2, 5, 10, 15, 20, 6, 9, 14, 19
17: 1, 7, 12, 17, 8, 13, 18
18: 3, 6, 9, 14, 19, 2, 5, 10, 15, 20
19: 4, 7, 12, 17, 8, 13, 18
20: 1, 6, 9, 14, 19, 2, 5, 10, 15, 20