# Number of Floors, Lowest Floor, Capacity
25, 0, 12
# Floor Requests
0: 5, 10, 15, 20, 25, 3, 8, 13, 18, 23
1: 2, 6, 9, 14, 19, 24
2: 1, 7, 12, 17, 22
3: 2, 5, 10, 15, 20, 25
4: 3, 7, 12, 17, 22
5: 1, 6, 9, 14, 19, 24
6: 2, 5, 10, 15, 20, 25
7: 3, 7, 12, 17, 22
8: 1, 6, 9, 14, 19, 24
9: 2, 5, 10, 15, 20, 25
10: 3, 7, 12, 17, 22
11: 1, 6, 9, 14, 19, 24
12: 2, 5, 10, 15, 20, 25
13: 3, 7, 12, 17, 22
14: 1, 6, 9, 14, 19, 24
15: 2, 5, 10, 15, 20, 25
16: 3, 7, 12, 17, 22
17: 1, 6, 9, 14, 19, 24
18: 2, 5, 10, 15, 20, 25
19: 3, 7, 12, 17, 22
20: 1, 6, 9, 14, 19, 24
21: 2, 5, 10, 15, 20, 25
22: 3, 7, 12, 17, 22
23: 1, 6, 9, 14, 19, 24
24: 2, 5, 10, 15, 20, 25
25: 3, 7, 12, 17, 22