# Number of Floors, Lowest Floor, Capacity
20, 0, 5
# Floor Requests
0: 1, 4, 7, 10, 13, 16, 19
1: 2, 5, 8, 11, 14, 17
2: 3, 6, 9, 12, 15, 18
3: 1, 4, 7, 10, 13
4: 2, 5, 8, 11, 14, 17
5: 3, 6, 9, 12, 15, 18
6: 1, 4, 7, 10, 13, 16
7: 2, 5, 8, 11, 14, 17
8: 3, 6, 9, 12, 15
9: 1, 4, 7, 10, 13, 16
10: 2, 5, 8, 11, 14, 17
11: 3, 6, 9, 12, 15
12: 1, 4, 7, 10, 13, 16
13: 2, 5, 8, 11, 14, 17
14: 3, 6, 9, 12, 15, 18
15: 1, 4, 7, 10, 13, 16
16: 2, 5, 8, 11, 14, 17
17: 3, 6, 9, 12, 15
18: 1, 4, 7, 10, 13, 16
19: 2, 5, 8, 11, 14, 17